10
5 6
3 1 5 -2 3 35
4 3 -7 5 6 54
-7 5 4 1 -1 -96
1 4 1 -3 -10 -71
6 -9 -8 -8 -2 59
5 6
15 -5 8 11 -6 -76
15 1 7 1 11 -79
-5 11 5 -9 10 -6
13 -5 -1 11 3 -27
15 4 -3 -1 3 -4
5 6
-2 -5 -1 9 3 -66
1 -5 -6 10 -1 -98
-2 2 -2 9 1 -103
6 -1 3 10 7 -18
-4 4 5 -3 1 24
5 6
-8 10 6 2 3 119
6 -4 -3 -10 -9 -58
-1 6 6 8 -2 98
-5 9 7 -9 7 75
-9 7 6 -2 -2 115
5 6
-6 -5 -1 9 -10 28
-11 1 4 6 -11 24
-7 7 9 9 4 52
-6 -1 -10 14 -6 161
-2 -15 6 4 5 -42
5 6
6 9 -2 -8 -8 -144
14 11 4 7 3 -32
8 10 2 4 -1 -59
8 -4 6 -5 -3 -10
-1 6 -7 7 7 14
5 6
5 -13 13 -5 -10 -14
5 -7 12 6 6 57
-8 11 1 -8 -1 101
-1 5 -9 -7 13 -43
8 -1 -2 -10 -5 -82
5 6
5 16 12 11 -7 62
17 12 1 18 9 298
15 -15 3 1 -7 -127
-14 -13 -7 -5 -11 -190
-1 13 -16 -6 8 152
5 6
8 2 -8 -10 -3 142
6 -1 11 4 11 -55
13 -9 -4 3 10 -49
-9 4 14 15 13 -213
9 6 8 4 -7 152
5 6
2 -2 -4 -2 3 -22
8 8 -6 -7 -4 -72
4 -3 -1 -8 2 -15
10 -5 4 1 7 69
-7 -5 7 3 -6 70